100 12619
1347 8254
3494 9484
4257 2934
2741 7521
5711 5054
1562 4629
4116 3648
7471 2124
5833 3039
5989 8661
416 9916
5515 3740
2016 8876
2442 3138
3905 7136
3404 9804
9100 2398
6207 7744
1644 9785
2240 5399
5231 5351
1335 7907
673 8511
393 5524
6964 9136
5535 5894
6252 118
89 5494
8073 87
7775 6297
2053 4437
2226 7777
3563 3549
693 2956
9315 5477
5007 5542
1829 7290
9173 3291
8908 3019
2625 7229
5008 7430
7867 4829
7532 7996
7824 5708
435 6681
4403 7195
6028 4428
5586 4293
5289 7030
5541 857
2234 5725
4306 6936
2299 7497
8374 3161
4343 7268
7359 9172
8939 2888
6261 6389
7100 7087
8205 4136
982 147
6358 5791
3990 1100
570 9317
2200 3256
4519 3074
5251 9226
5209 1652
1239 4033
6045 1004
8871 9477
3897 2245
3756 1859
143 8303
7592 3872
7106 9526
4762 1678
1218 5881
2520 5272
5230 7923
1403 6299
8540 9238
3841 2039
6265 7903
908 4283
5881 7011
3717 6773
8574 5543
8037 8704
3239 1786
4442 5498
6518 9117
6564 7320
4138 2403
4041 4692
7052 4411
2738 8
1924 272
3326 5588
6057 8540

